190 50 40
160 150 30
190 120 30
140 30 160
50 80 190
150 150 140
200 200 180
200 200 180
200 200 180
200 200 180
-
50 40 190
150 30 160
120 30 190
30 160 140
80 190 50
150 140 150
200 180 200
200 180 200
200 180 200
200 180 200
-
40 190 50
30 160 150
30 190 120
160 140 30
190 50 80
140 150 150
180 200 200
180 200 200
180 200 200
180 200 200
-
143 8 17
138 39 123
157 140 73
185 243 29
178 157 66
155 38 33
80 127 182
199 244 149
194 44 72
46 195 33
-
666 6 66
666 6 66
666 6 66
666 6 66
666 6 66
13 0 0 
83 6 47
55 51 51
55 51 51
66 51 30